Exploring Energy Surfaces: 8-coordinate system

 TRIAL 1  
  Energy: -17.311587698388028 
 
 Coordinates (x,y,z) 

3.221344615786231	3.1699702661868665	0.6043155842089089
2.9736144362703594	4.093688408166231	0.9504019477793286
2.8619214220778577	2.908842831853295	1.6270805135911484
3.811048242101925	3.5208224215109527	1.4978398110787803
2.2880212070137502	3.256329618564273	2.508930756966547
2.0045254866802575	3.598530709084752	1.3922132015759057
2.1178574721150816	2.779286117140352	0.6776366159070163
2.8740395983340163	4.002120201427689	2.0144689256364474

 TRIAL 2  
  Energy: -15.959935703624478 
 
 Coordinates (x,y,z) 

3.251027170423913	1.8267020926920048	2.443761406138624
2.921423506763338	1.7149654302790278	0.6733122040251736
1.7436817110705651	2.825697451102703	1.9647510649215751
2.6103007218216865	2.5122361197082927	2.6137708053382522
2.800566218740514	1.2252793378971027	1.6465284276697834
1.805533909428256	1.9861165205494968	1.0730815780928464
1.9889494171558066	1.7043028079597122	2.179543990281176
2.7380692231196075	2.345980622849218	1.5921792265865382

 TRIAL 3  
  Energy: -15.782263447805017 
 
 Coordinates (x,y,z) 

2.569268494010713	1.3970483773017541	2.318926003379313
2.420847577267521	2.4177886309686203	1.134252211583263
3.5955673468525107	2.3256844819007703	0.982507102268654
1.2250225347399621	2.550078388117411	1.5018682956096936
1.7750972762507953	1.5346248764595742	1.351558101513866
2.1003939386053903	2.4427911573009675	2.1729646951384467
3.3042328471323223	2.2011604164272756	2.217338190613867
2.8120250069452664	1.3072275892440919	1.2740134310513058

 TRIAL 4  
  Energy: -16.90286112362336 
 
 Coordinates (x,y,z) 

3.069248551348191	0.8528333492919942	1.5478143047429251
3.8237991092615307	0.2989490804593586	2.321524636618058
4.059477877469137	-0.8161780868646429	2.1459453993274415
3.521969068797621	0.28988565065855393	0.7396398360052059
4.960851984458377	0.36357403902497654	1.9439851313884433
4.103341297622166	1.0213039941071091	1.394462947574516
4.276401634853492	-0.14918374522300404	1.3818056520850084
3.000649611474055	-0.2588144236642526	1.7199837054328517

 TRIAL 5  
  Energy: -17.75158294485361 
 
 Coordinates (x,y,z) 

1.8094109403028154	2.493093538403523	2.0110777345103057
3.098498145878321	1.277053758924943	1.3923862713749127
2.433042323402463	2.2649875598482625	1.1425846093757586
2.6737789940508336	3.084552766027471	1.7792787671049834
3.40681189602102	2.246904498548732	1.9399112859718335
2.6642347733128067	2.624914220525487	2.7648529186304738
3.467220633853929	2.881480603368289	1.0975994149990465
2.5134213749679044	1.6742857589799325	2.1767431625797586

 TRIAL 6  
  Energy: -17.663471276843758 
 
 Coordinates (x,y,z) 

0.9489231516062736	0.27903237161660394	2.314571771030152
0.28141861952164465	0.3860495606063986	3.3384270600627373
1.412003615435869	1.2217398920572153	2.244703301987201
1.2446076389163252	0.9451939169191838	3.297252260292842
-0.08615772198540514	0.24504068522943145	2.2089922903173074
0.5540125337911332	0.8584424584600189	1.5989184406657837
0.05078668302356655	1.5023895585409253	3.551714299733818
0.37585323873993115	1.1976822969765908	2.5837672675546997

 TRIAL 7  
  Energy: -16.37638080630354 
 
 Coordinates (x,y,z) 

2.2486468301581612	1.9893716367301344	1.5578991784304155
0.9351545442969216	2.0042224464312226	1.8508347980485973
0.8379347559686798	0.7274522273614294	1.629293201203362
1.3162885864579517	1.5972152445545293	0.9976493655570582
1.6847080266293806	1.2708829840111342	2.1449312507562364
0.05753827104273594	1.3979957282491715	1.9681278621407212
0.2735843762357264	1.5057089328990432	0.9071229212677765
1.5315022167402481	2.7188495657233243	1.1447352431476332

 TRIAL 8  
  Energy: -15.008023638875043 
 
 Coordinates (x,y,z) 

2.4467449683761684	1.515131609521237	2.967083096983971
3.1688223856045585	2.302067966181173	3.279997294877886
3.1378894042873395	2.6724427097979833	2.0012219833827514
4.114934050212083	2.599679881062302	2.6634208122674417
2.328221316519087	2.750527447031717	2.711738594982481
3.3541696895883772	1.669032780661724	2.3375208186659013
3.383980370322862	3.392958711512552	2.7489005414996965
3.8110893712107234	2.00511583711147	1.5527582900097854

 TRIAL 9  
  Energy: -17.412959315898092 
 
 Coordinates (x,y,z) 

1.7883573849391472	3.040279717158084	3.076791687049896
1.1749476660584268	3.821276946989595	2.598460824555792
2.3111274710495655	3.7811665935607697	2.529266646073441
1.2033327929048756	2.740613189549298	2.2472432113575276
1.4366804720474584	3.564355590441508	1.4990962333784603
2.53030665070187	3.2213657002426492	1.5651608944274664
1.7631358170964597	2.383721365143368	1.246983225213115
2.199747120799244	2.2824140862757156	2.2874419877355776

 TRIAL 10  
  Energy: -15.756650789624176 
 
 Coordinates (x,y,z) 

1.7137224537449263	2.202156506286949	1.368723226322689
1.3595066380142906	1.0148829243354827	1.5785276609727745
1.2135948582293785	1.5427613505688527	0.5779314957239812
0.5686456423569383	1.8277314949798595	1.3692309219960135
2.343073562798694	1.344149726119061	1.5684399897816144
1.8566795832961904	2.437855722484094	0.3145898621425964
2.329220410926473	1.5435051302279439	0.4969600624202476
1.4083368719749112	1.7079973376157331	-0.49903249301107544
