Exploring Energy Surfaces: 7-coordinate system
Potential: LENNARD-JONES

 TRIAL 1  
  Energy: -14.7181677895 
 
 Coordinates (x,y,z) 

1.11672903859	1.50986420017	0.188448229989
1.31871147971	0.625586105376	0.904551338578
1.93300983285	1.48160459836	0.827403207899
2.04489380279	0.74916307145	0.0341697867629
2.28456781839	-0.0189978100118	0.832167393686
2.19517017959	0.666099268441	1.625231451
2.87283417867	0.941997251835	0.780004531813

 TRIAL 2  
  Energy: -15.1719503751 
 
 Coordinates (x,y,z) 

1.04678677868	1.91227462848	3.3889754298
2.21874886203	2.16255382912	1.98909736552
2.76562492131	1.55486723475	2.83871728109
1.7415647865	1.32759951225	2.64344872346
1.15434715871	2.26999485136	2.34341585612
2.01400408985	2.37805215026	3.08922735583
0.635819352944	1.31432188356	2.54323075583

 TRIAL 3  
  Energy: -14.9473999542 
 
 Coordinates (x,y,z) 

1.21805314277	1.88237173373	2.42169303282
1.11710805302	1.67851939642	4.20035979141
0.830422981364	1.2426600369	3.14632922651
1.81805104409	1.76063986669	3.33502587287
2.40090401869	1.77004424849	2.40398229726
0.741836309634	2.36031936285	3.27707173727
1.77560712825	0.888566780936	2.64397601036

 TRIAL 4  
  Energy: -15.6040476572 
 
 Coordinates (x,y,z) 

1.75048154458	2.1408632303	1.55305977819
2.53451034591	1.99504276255	2.25007509972
1.79438971205	2.91587528094	2.37751664016
0.875354746113	1.53441856097	1.82438837357
1.87679305883	1.11070741719	2.17285818768
1.4991234718	1.94409087627	2.70390344483
0.80717512928	2.54188526465	2.09906414627

 TRIAL 5  
  Energy: -15.1527349328 
 
 Coordinates (x,y,z) 

2.53563393902	1.09606645939	2.49969034845
2.94063853043	1.27777140356	3.55823290817
2.95254259099	2.18100779007	2.90281290492
2.08174959213	2.10951109659	2.22339249407
2.10689118942	2.86775732945	3.12815191804
1.95349814723	1.71707986855	3.27412738022
3.61974425941	1.32180020909	2.68395212622

 TRIAL 6  
  Energy: -15.3067670297 
 
 Coordinates (x,y,z) 

2.40647458065	3.50849934507	2.15275920379
1.89343953856	1.88447560953	1.41087503893
3.30992320052	2.77741900315	2.04903260925
2.49913853711	2.79413068228	1.28770405932
1.51396257928	2.8777684164	1.70698723562
2.32717928245	2.43828101953	2.3126424233
1.95922721471	3.76373384715	1.17613225779

 TRIAL 7  
  Energy: -15.7400261451 
 
 Coordinates (x,y,z) 

1.23598797169	2.38710610151	2.11391702564
1.94420124601	2.38837203084	1.29951717306
0.897436945073	0.862519803437	1.86633705623
1.85454886527	1.4878673898	1.95159956034
0.281039614439	1.78742808867	2.05184729376
1.06927613732	1.48237311046	2.76177523903
0.977193401145	1.74566690824	1.22523158307

 TRIAL 8  
  Energy: -15.5776611568 
 
 Coordinates (x,y,z) 

2.34251606324	0.782067350637	1.49739669977
2.22094927699	1.02947082577	2.61812339163
2.62247789718	1.82485745327	1.32296506093
1.71516190189	1.59154919041	1.90164482267
3.18779935751	1.14754804018	2.05167116337
1.4247488705	0.56227161836	2.01534766794
2.61268078506	2.03164601539	2.39036118483

 TRIAL 9  
  Energy: -15.1046391878 
 
 Coordinates (x,y,z) 

2.74767129747	2.37851325254	1.67216618567
1.88323769651	2.77469426851	2.35023165205
0.643929560826	2.73795210105	0.966650981487
1.19577375647	3.37511326355	1.74252729779
2.33501806776	3.45444650436	1.51243053286
1.52421168822	3.43228667644	0.674328113674
1.68845367496	2.48359703002	1.28740109861

 TRIAL 10  
  Energy: -16.2335314882 
 
 Coordinates (x,y,z) 

1.42940887195	2.76343599895	1.98102330068
1.63992592032	1.57643804706	0.617691242432
0.454052753128	2.72706190373	1.37186226775
0.616125090296	1.9900423316	0.454165668296
1.0229358824	1.78111345026	1.50597741792
2.11074638838	2.00410156187	1.51789730403
1.43119234076	2.63776621572	0.866032517103

 TRIAL 11  
  Energy: -14.871605218 
 
 Coordinates (x,y,z) 

2.93470587143	1.88724954626	1.77198078599
2.64203737381	2.74590463335	2.38609094459
2.43558599789	1.01977393929	2.3016384675
3.11690116463	1.88557739014	2.84788230743
1.85208793851	1.94503927485	2.08969849406
2.52323251606	1.10754990194	3.49047469403
2.08342121506	2.16076829319	3.15215216284

 TRIAL 12  
  Energy: -15.0385638356 
 
 Coordinates (x,y,z) 

1.62308455393	1.54495254598	3.29192842043
1.49498314457	2.08938846639	2.34846841732
2.41954558818	1.42903888578	2.51230578905
2.22565045931	2.8286360909	2.13424686693
2.41480255993	2.35578902859	3.14240259151
3.04207983055	2.21967408998	2.20865852963
2.22294752439	1.88738585741	1.60937668421

 TRIAL 13  
  Energy: -15.3906713384 
 
 Coordinates (x,y,z) 

2.02054550848	1.29210727295	2.59604533088
1.58947764267	2.21533698821	3.15219141149
3.17591356497	1.25711885512	2.52615743988
2.67361320022	2.1130651045	3.07958328453
2.65488939108	2.10381693998	1.91932947262
2.20179095817	2.97643681471	2.52964646463
1.56342215666	2.17394144041	2.02199129175

 TRIAL 14  
  Energy: -15.5626281798 
 
 Coordinates (x,y,z) 

2.14943809134	2.84567694277	2.34109002705
2.716752062	2.97654525427	1.36009676549
2.21864163026	3.86560661142	1.81623127889
1.76601536439	3.42351541227	0.923207664953
3.1972383373	3.36844548168	2.24678273349
1.69249581696	2.42458282176	1.39273357891
1.25585546275	3.33576311989	1.90570112246

 TRIAL 15  
  Energy: -15.6980890263 
 
 Coordinates (x,y,z) 

1.59740153334	2.2236464696	3.34537668423
0.814409685128	1.67342352401	2.79052315206
1.36946870968	1.19704203002	3.71268986888
1.90751385097	1.40154655312	2.70321714477
2.17099186718	2.47171505197	2.43047296806
1.38589868733	1.94321398223	1.857945871
1.0451062509	2.74139355081	2.55405805033

 TRIAL 16  
  Energy: -15.3697896218 
 
 Coordinates (x,y,z) 

1.97658461631	2.23800077985	2.73294798277
3.09234685548	2.11062072484	2.83970555113
1.36246004731	1.46342060064	2.21987557149
2.72863014699	2.79891943298	2.08736349894
2.14891048016	2.00473224974	1.61535945187
2.49628912385	1.30205009536	2.46198368743
3.19129445293	1.74335170137	1.78739543216

 TRIAL 17  
  Energy: -15.6794241104 
 
 Coordinates (x,y,z) 

3.27119244234	2.37294863418	1.42343200124
2.44902416906	1.80456108423	-0.262620294759
2.99526297521	1.23692528235	1.16505127114
3.09604309132	0.938173344132	0.129850203861
3.34378904744	1.99203649456	0.358154253337
2.3678152369	2.09103356598	0.849754758385
2.0671393502	1.07452466486	0.515861364578

 TRIAL 18  
  Energy: -15.4006673911 
 
 Coordinates (x,y,z) 

2.96575821148	1.02729066638	2.2954230926
2.36221577801	1.20225677838	1.34238391698
2.45469516986	0.184229709672	1.87773377991
3.30749652955	0.516159385005	1.27192779971
3.47993403099	1.64524218939	1.57859090226
2.44434291377	2.01593457609	2.10365636831
1.79012628001	1.1115528865	2.2313200245

 TRIAL 19  
  Energy: -16.2060928287 
 
 Coordinates (x,y,z) 

2.54811491607	0.50662244183	1.35668572464
2.25675574195	1.62422779889	1.36245391954
3.17892905378	1.26495714043	1.89780669912
2.53948700206	2.06480862312	2.35607962118
3.10711340221	2.33222584354	1.44397229432
3.16032266834	1.34413529207	0.811410587261
2.14897217412	1.01201350902	2.2819426892

 TRIAL 20  
  Energy: -15.2902166224 
 
 Coordinates (x,y,z) 

2.12087922145	2.46521684774	2.77079989683
1.83910862957	2.79379071038	0.857661809464
2.49247890138	3.58268562026	2.50156727051
3.12884192036	2.68266981324	2.21177399936
2.67820056171	3.25424746047	1.43054094289
2.30382305814	2.20818427104	1.70237523195
1.63633037207	3.12449170103	1.93313287499
