Exploring Energy Surfaces: 7-coordinate system
Potential: LENNARD-JONES

 TRIAL 1  
  Energy: -14.8606263545 
 
 Coordinates (x,y,z) 

2.69003778092	1.38611164753	1.64611994843
2.53967840278	2.39623415652	2.10110813335
3.72324818384	1.45461852537	1.17204617291
1.89179944771	1.95148152857	1.31554906427
3.6413691087	2.19018271341	1.99422724452
2.90307606213	2.26904586427	1.02941269131
3.11647983706	1.5477352761	2.65245462871

 TRIAL 2  
  Energy: -14.9444110608 
 
 Coordinates (x,y,z) 

3.54366466455	1.36014788287	2.03057042652
4.48019234214	1.05815978208	2.75210454189
4.2731182418	2.1827197372	1.68813452111
4.22148482284	3.02276114986	2.34280896422
4.97215858059	2.2293623725	2.51785657225
3.30509648724	2.44330066745	1.98968417887
3.94291510262	2.03097719679	2.81051308746

 TRIAL 3  
  Energy: -14.7229703891 
 
 Coordinates (x,y,z) 

3.77946854363	3.12655672676	3.33436381867
4.3345072495	3.64391051874	2.59454302223
3.33146162197	3.38789915256	2.22382560876
3.46415140456	4.31923203672	2.91525194716
2.68946587738	3.48162437223	3.11791558524
4.28416168127	4.08603145262	3.65552064823
3.1503066758	3.68003268691	4.11702254457

 TRIAL 4  
  Energy: -10.8662951979 
 
 Coordinates (x,y,z) 

2.89383944737	2.87288352905	2.07347585327
2.02938173177	2.92455003556	3.00750079829
2.30937279588	3.30668299865	3.8541466645
3.20487447624	2.08261349556	2.86696090957
2.92467291259	2.36694776001	3.91748694908
3.14008761801	3.31014021662	3.12563230565
2.39815609857	1.83580667481	2.27817823106

 TRIAL 5  
  Energy: -14.5796751295 
 
 Coordinates (x,y,z) 

0.834881023763	0.0324497232917	2.2207111094
1.42516400164	-0.254543465721	1.28309608572
0.659186034765	0.833752774309	1.59778667396
1.33149479147	0.708804105811	0.75446657558
1.71896038291	0.611810588651	1.88531156396
1.0617029617	1.24690576839	2.48805531482
1.45520028351	1.68149818016	1.47906312577

 TRIAL 6  
  Energy: -13.8258254108 
 
 Coordinates (x,y,z) 

1.08621193131	3.34284956896	2.11575084028
2.02996379191	2.83321513298	2.12835311526
1.21022313633	2.70892848219	2.94029035821
0.262054446382	2.65426258511	1.69265593726
1.25247944661	2.02248381728	1.86577034086
0.396357958581	1.97167983018	2.53184880198
1.21508469753	2.81936642806	1.20850910407

 TRIAL 7  
  Energy: -15.1568969099 
 
 Coordinates (x,y,z) 

3.71111475742	1.30410256751	3.96490374447
2.15174092754	0.331159153074	3.433511276
2.18895094107	1.37059488506	3.1297557174
3.00552322985	1.95082539883	3.40859459219
2.6591585741	1.05097968827	4.06693149559
3.12686718449	0.8223268843	3.11741907061
3.34839653889	0.088585219195	3.84805317159

 TRIAL 8  
  Energy: -13.2727987566 
 
 Coordinates (x,y,z) 

2.87555098038	1.83096844171	1.84322555263
2.53746218098	1.23581219906	0.96154670127
2.52080861581	2.51133069954	1.0653250429
1.73371927993	1.62417331012	1.72440327272
2.18530272193	2.50156513902	2.23701472043
1.69015988075	1.92234931484	0.684609866574
3.37806281732	1.85283540374	0.655895169851

 TRIAL 9  
  Energy: -13.9908243975 
 
 Coordinates (x,y,z) 

4.33971503588	1.02748433339	1.33090214349
4.08564692742	1.82873439917	0.432712357218
2.41427889818	1.39052893481	1.7471736835
2.83587159983	2.15672202861	0.836791228935
3.51370400306	0.909958623238	2.0579304416
3.76764719511	1.95060650865	1.57025841117
3.30507080952	1.14454845739	0.917054588156

 TRIAL 10  
  Energy: -13.4045683022 
 
 Coordinates (x,y,z) 

1.358548747	0.657451207481	2.91574427642
0.0626895343765	1.85520813801	3.39151992796
-0.408959845293	0.796364723059	3.71363593728
0.228552379821	0.884392081619	2.7962639815
1.15215940868	1.59421850496	3.40722895229
0.987452923011	1.48918670376	2.29374234719
0.478336061805	1.26036964296	4.29726929147
